UUUUUUUU
UUUUUUUU
00000000 //Nach reset
00000000
00000000
00000000 
00000000 //Nach idl
00000000
00000000
00000000
00000000
00000000
00000000
00000000
11111111 //Test1 Result
11111111
11111111
11111111
11111111
11111111
11111111
11111111 
00000000 //Test2 Result
00000000
00000000
00000000
00000000
00000000
00000000
00000000
10101010 //Test3 Result
10101010
10101010 
10101010
10101010
10101010
10101010
10101010
10101010
10101010 //Test4 Result
10101010
10101010
10101010
10101010
10101010
10101010
10101010
10101010
11111111 //Test5 Result
11111111
11111111
11111111
11111111
11111111
11111111
11111111
11101001 //Test6 Result
